測定局コード,日付,時,SO2(ppm),NO(ppm),NO2(ppm),NOx(ppm),CO(ppm),Ox(ppm),NMHC(ppmC),CH4(ppmC),THC(ppmC),SPM(mg/m3),PM2.5(μg/m3),SP(mg/m3),WD(16Dir),WS(m/s),TEMP(℃),HUM(％)
22204010,2024/05/01,01,-,-,-,-,,-,0.09,1.95,2.04,0.011,,,,,,
22204010,2024/05/01,02,0.001,0.001,0.011,0.012,,0.006,0.12,1.97,2.09,0.012,,,,,,
22204010,2024/05/01,03,0.001,0.001,0.010,0.011,,0.006,0.13,1.97,2.10,0.011,,,,,,
22204010,2024/05/01,04,0.001,0.001,0.012,0.013,,0.006,0.10,1.98,2.08,0.012,,,,,,
22204010,2024/05/01,05,0.001,0.004,0.013,0.017,,0.006,0.10,1.96,2.06,0.009,,,,,,
22204010,2024/05/01,06,0.002,0.008,0.020,0.028,,0.006,0.08,1.97,2.05,0.016,,,,,,
22204010,2024/05/01,07,0,0.003,0.014,0.017,,0.012,0.15,1.99,2.14,0.014,,,,,,
22204010,2024/05/01,08,0.001,0.010,0.017,0.027,,0.009,0.26,1.99,2.25,0.012,,,,,,
22204010,2024/05/01,09,0.002,0.016,0.020,0.036,,0.005,0.14,1.98,2.12,0.013,,,,,,
22204010,2024/05/01,10,0.001,0.010,0.016,0.026,,0.007,0.14,1.97,2.11,0.012,,,,,,
22204010,2024/05/01,11,0.002,0.026,0.024,0.050,,0.007,0.12,1.99,2.11,0.017,,,,,,
22204010,2024/05/01,12,0.001,0.012,0.023,0.035,,0.011,0.13,1.98,2.11,0.018,,,,,,
22204010,2024/05/01,13,0,0.003,0.011,0.014,,0.024,0.12,1.98,2.10,0.013,,,,,,
22204010,2024/05/01,14,0.001,0.003,0.013,0.016,,0.023,0.12,1.97,2.09,0.014,,,,,,
22204010,2024/05/01,15,0.001,0.003,0.015,0.018,,0.024,0.14,1.98,2.12,0.013,,,,,,
22204010,2024/05/01,16,0,0.001,0.008,0.009,,0.039,0.12,1.97,2.09,0.007,,,,,,
22204010,2024/05/01,17,0,0.001,0.007,0.008,,0.043,0.11,1.98,2.09,0.006,,,,,,
22204010,2024/05/01,18,0,0.001,0.008,0.009,,0.043,0.09,1.99,2.08,0.008,,,,,,
22204010,2024/05/01,19,0,0,0.006,0.006,,0.045,0.07,1.99,2.06,0.006,,,,,,
22204010,2024/05/01,20,0,0.001,0.006,0.007,,0.048,0.06,2.00,2.06,0.005,,,,,,
22204010,2024/05/01,21,0,0,0.003,0.003,,0.052,0.05,2.00,2.05,0.012,,,,,,
22204010,2024/05/01,22,0,0,0.003,0.003,,0.050,0.03,2.00,2.03,0.010,,,,,,
22204010,2024/05/01,23,0,0,0.003,0.003,,0.050,0.04,1.99,2.03,0.009,,,,,,
22204010,2024/05/01,24,0.001,0,0.003,0.003,,0.050,0.02,1.99,2.01,0.008,,,,,,
22204010,2024/05/02,01,0,0,0.002,0.002,,-,0.03,1.98,2.01,0.007,,,,,,
22204010,2024/05/02,02,0,0,0.002,0.002,,0.049,0.05,1.99,2.04,0.009,,,,,,
22204010,2024/05/02,03,0,0,0.002,0.002,,0.048,0.05,1.99,2.04,0.006,,,,,,
22204010,2024/05/02,04,0,0,0.003,0.003,,0.048,0.04,1.98,2.02,0.004,,,,,,
22204010,2024/05/02,05,0,0,0.003,0.003,,0.048,0.04,1.99,2.03,0.005,,,,,,
22204010,2024/05/02,06,0,0.001,0.005,0.006,,0.045,0.01,1.98,1.99,0.006,,,,,,
22204010,2024/05/02,07,0.001,0.001,0.004,0.005,,0.046,0.02,1.98,2.00,0.005,,,,,,
22204010,2024/05/02,08,0.001,0.002,0.010,0.012,,0.040,0.04,1.98,2.02,0.005,,,,,,
22204010,2024/05/02,09,0.001,0.002,0.009,0.011,,0.039,0.06,1.99,2.05,0.007,,,,,,
22204010,2024/05/02,10,0.001,0.002,0.009,0.011,,0.039,0.12,1.98,2.10,0.005,,,,,,
22204010,2024/05/02,11,0.001,0.002,0.008,0.010,,0.043,0.13,1.98,2.11,0.007,,,,,,
22204010,2024/05/02,12,0,0.002,0.009,0.011,,0.044,0.15,1.98,2.13,0.008,,,,,,
22204010,2024/05/02,13,0,0.002,0.007,0.009,,0.045,0.13,1.98,2.11,0.008,,,,,,
22204010,2024/05/02,14,0.001,0.001,0.008,0.009,,0.045,0.45,1.98,2.43,0.007,,,,,,
22204010,2024/05/02,15,0.001,0.001,0.012,0.013,,0.037,0.30,1.99,2.29,0.009,,,,,,
22204010,2024/05/02,16,0.001,0.001,0.010,0.011,,0.042,0.15,1.99,2.14,0.009,,,,,,
22204010,2024/05/02,17,0.001,0.001,0.010,0.011,,0.042,0.14,1.99,2.13,0.011,,,,,,
22204010,2024/05/02,18,0.001,0.001,0.008,0.009,,0.039,0.14,1.98,2.12,0.010,,,,,,
22204010,2024/05/02,19,0,0,0.006,0.006,,0.036,0.11,1.99,2.10,0.011,,,,,,
22204010,2024/05/02,20,0,0,0.008,0.008,,0.028,0.12,2.00,2.12,0.010,,,,,,
22204010,2024/05/02,21,0,0,0.006,0.006,,0.028,0.12,1.99,2.11,0.012,,,,,,
22204010,2024/05/02,22,0,0,0.006,0.006,,0.029,0.09,2.00,2.09,0.011,,,,,,
22204010,2024/05/02,23,0.001,0,0.007,0.007,,0.034,0.08,2.00,2.08,0.010,,,,,,
22204010,2024/05/02,24,0.001,0,0.005,0.005,,0.038,0.06,2.00,2.06,0.011,,,,,,
22204010,2024/05/03,01,0.001,0,0.004,0.004,,-,0.04,1.99,2.03,0.012,,,,,,
22204010,2024/05/03,02,0.001,0,0.005,0.005,,0.032,-,-,-,0.011,,,,,,
22204010,2024/05/03,03,0.001,0,0.006,0.006,,0.025,0.05,2.01,2.06,0.011,,,,,,
22204010,2024/05/03,04,0.001,0,0.004,0.004,,0.025,0.05,2.01,2.06,0.010,,,,,,
22204010,2024/05/03,05,0,0,0.004,0.004,,0.025,0.03,2.01,2.04,0.012,,,,,,
22204010,2024/05/03,06,0.001,0.001,0.005,0.006,,0.021,0.05,2.02,2.07,0.011,,,,,,
22204010,2024/05/03,07,0,0.001,0.005,0.006,,0.022,0.06,2.02,2.08,0.014,,,,,,
22204010,2024/05/03,08,0.001,0.004,0.011,0.015,,0.021,0.09,2.01,2.10,0.013,,,,,,
22204010,2024/05/03,09,0.001,0.004,0.009,0.013,,0.026,0.10,2.02,2.12,0.017,,,,,,
22204010,2024/05/03,10,0.001,0.001,0.006,0.007,,0.038,0.08,2.03,2.11,0.013,,,,,,
22204010,2024/05/03,11,0.001,0.001,0.005,0.006,,0.047,0.06,2.01,2.07,0.013,,,,,,
22204010,2024/05/03,12,0.001,0.001,0.005,0.006,,0.051,0.06,1.99,2.05,0.014,,,,,,
22204010,2024/05/03,13,0,0,0.004,0.004,,0.053,0.05,1.99,2.04,0.013,,,,,,
22204010,2024/05/03,14,0.001,0.001,0.004,0.005,,0.055,0.05,1.98,2.03,0.009,,,,,,
22204010,2024/05/03,15,0,0,0.003,0.003,,0.057,0.04,1.99,2.03,0.008,,,,,,
22204010,2024/05/03,16,0.001,0.001,0.003,0.004,,0.059,0.04,1.98,2.02,0.010,,,,,,
22204010,2024/05/03,17,0,0,0.004,0.004,,0.058,0.03,1.98,2.01,0.011,,,,,,
22204010,2024/05/03,18,0,0,0.004,0.004,,0.056,0.03,1.98,2.01,0.012,,,,,,
22204010,2024/05/03,19,0,0,0.005,0.005,,0.051,0.04,1.98,2.02,0.011,,,,,,
22204010,2024/05/03,20,0.001,0,0.006,0.006,,0.048,0.05,1.99,2.04,0.012,,,,,,
22204010,2024/05/03,21,0.001,0,0.005,0.005,,0.044,0.10,1.98,2.08,0.011,,,,,,
22204010,2024/05/03,22,0.001,0,0.006,0.006,,0.032,0.07,1.99,2.06,0.014,,,,,,
22204010,2024/05/03,23,0,0,0.006,0.006,,0.030,0.08,2.00,2.08,0.012,,,,,,
22204010,2024/05/03,24,0,0,0.005,0.005,,0.027,0.07,1.99,2.06,0.013,,,,,,
22204010,2024/05/04,01,0,0,0.005,0.005,,-,0.07,1.99,2.06,0.014,,,,,,
22204010,2024/05/04,02,0,0,0.004,0.004,,0.025,0.11,1.99,2.10,0.015,,,,,,
22204010,2024/05/04,03,0,0,0.006,0.006,,0.022,0.12,2.02,2.14,0.011,,,,,,
22204010,2024/05/04,04,0,0,0.005,0.005,,0.020,0.07,2.00,2.07,0.012,,,,,,
22204010,2024/05/04,05,0,0,0.006,0.006,,0.019,0.09,2.03,2.12,0.013,,,,,,
22204010,2024/05/04,06,0,0.001,0.007,0.008,,0.018,0.07,2.02,2.09,0.010,,,,,,
22204010,2024/05/04,07,0,0.001,0.005,0.006,,0.021,0.09,2.02,2.11,0.013,,,,,,
22204010,2024/05/04,08,0.001,0.003,0.009,0.012,,0.024,0.08,1.99,2.07,0.012,,,,,,
22204010,2024/05/04,09,0.001,0.003,0.009,0.012,,0.027,0.08,1.99,2.07,0.013,,,,,,
22204010,2024/05/04,10,0.001,0.002,0.008,0.010,,0.032,0.09,2.02,2.11,0.018,,,,,,
22204010,2024/05/04,11,0.001,0.001,0.007,0.008,,0.040,0.10,2.00,2.10,0.017,,,,,,
22204010,2024/05/04,12,0,0.001,0.006,0.007,,0.047,0.09,1.99,2.08,0.015,,,,,,
22204010,2024/05/04,13,0,0.001,0.004,0.005,,0.054,0.08,1.98,2.06,0.015,,,,,,
22204010,2024/05/04,14,0.001,0.001,0.004,0.005,,0.059,0.06,1.98,2.04,0.013,,,,,,
22204010,2024/05/04,15,0.001,0.001,0.004,0.005,,0.068,0.06,1.98,2.04,0.015,,,,,,
22204010,2024/05/04,16,0.001,0,0.004,0.004,,0.068,0.08,1.99,2.07,0.013,,,,,,
22204010,2024/05/04,17,0.001,0,0.003,0.003,,0.067,0.05,1.98,2.03,0.012,,,,,,
22204010,2024/05/04,18,0.001,0,0.003,0.003,,0.066,0.05,1.98,2.03,0.010,,,,,,
22204010,2024/05/04,19,0,0,0.005,0.005,,0.059,0.06,1.98,2.04,0.016,,,,,,
22204010,2024/05/04,20,0.001,0,0.007,0.007,,0.055,0.07,1.99,2.06,0.015,,,,,,
22204010,2024/05/04,21,0.001,0,0.012,0.012,,0.046,0.11,1.98,2.09,0.015,,,,,,
22204010,2024/05/04,22,0.001,0,0.011,0.011,,0.038,0.17,1.99,2.16,0.014,,,,,,
22204010,2024/05/04,23,0.001,0,0.009,0.009,,0.034,0.09,2.00,2.09,0.015,,,,,,
22204010,2024/05/04,24,0.001,0,0.008,0.008,,0.037,0.07,1.99,2.06,0.014,,,,,,
22204010,2024/05/05,01,0.001,0,0.008,0.008,,-,0.09,2.01,2.10,0.015,,,,,,
22204010,2024/05/05,02,0,0,0.006,0.006,,0.030,0.07,2.01,2.08,0.015,,,,,,
22204010,2024/05/05,03,0,0,0.006,0.006,,0.029,0.08,2.02,2.10,0.015,,,,,,
22204010,2024/05/05,04,0,0,0.006,0.006,,0.024,0.09,2.02,2.11,0.013,,,,,,
22204010,2024/05/05,05,0,0,0.006,0.006,,0.023,0.08,2.02,2.10,0.014,,,,,,
22204010,2024/05/05,06,0,0.001,0.006,0.007,,0.022,0.08,2.03,2.11,0.016,,,,,,
22204010,2024/05/05,07,0,0.001,0.005,0.006,,0.024,0.09,2.02,2.11,0.014,,,,,,
22204010,2024/05/05,08,0.002,0.009,0.019,0.028,,0.021,0.09,2.01,2.10,0.021,,,,,,
22204010,2024/05/05,09,0.003,0.036,0.032,0.068,,0.013,0.13,2.03,2.16,0.025,,,,,,
22204010,2024/05/05,10,0.002,0.011,0.020,0.031,,0.029,0.08,2.04,2.12,0.021,,,,,,
22204010,2024/05/05,11,0.004,0.027,0.035,0.062,,0.022,0.08,2.02,2.10,0.025,,,,,,
22204010,2024/05/05,12,0.004,0.023,0.032,0.055,,0.026,0.06,2.01,2.07,0.022,,,,,,
22204010,2024/05/05,13,0,0.001,0.005,0.006,,0.049,0.08,1.99,2.07,0.013,,,,,,
22204010,2024/05/05,14,0,0.001,0.003,0.004,,0.051,0.06,1.98,2.04,0.004,,,,,,
22204010,2024/05/05,15,0,0.001,0.003,0.004,,0.050,0.06,1.97,2.03,0.007,,,,,,
22204010,2024/05/05,16,0,0.001,0.003,0.004,,0.049,0.06,1.97,2.03,0.007,,,,,,
22204010,2024/05/05,17,0,0,0.003,0.003,,0.048,0.06,1.97,2.03,0.010,,,,,,
22204010,2024/05/05,18,0,0,0.003,0.003,,0.046,0.05,1.96,2.01,0.012,,,,,,
22204010,2024/05/05,19,0.001,0,0.004,0.004,,0.043,0.06,1.96,2.02,0.011,,,,,,
22204010,2024/05/05,20,0,0,0.004,0.004,,0.043,0.04,1.97,2.01,0.009,,,,,,
22204010,2024/05/05,21,0.002,0,0.015,0.015,,0.029,0.07,1.98,2.05,0.017,,,,,,
22204010,2024/05/05,22,0.001,0,0.010,0.010,,0.025,0.10,2.00,2.10,0.011,,,,,,
22204010,2024/05/05,23,0,0,0.007,0.007,,0.025,0.08,1.99,2.07,0.012,,,,,,
22204010,2024/05/05,24,0,0,0.007,0.007,,0.024,0.09,2.01,2.10,0.011,,,,,,
22204010,2024/05/06,01,0,0,0.007,0.007,,-,0.08,2.01,2.09,0.010,,,,,,
22204010,2024/05/06,02,0,0,0.006,0.006,,0.023,0.17,2.02,2.19,0.009,,,,,,
22204010,2024/05/06,03,0,0,0.005,0.005,,0.021,0.12,2.01,2.13,0.011,,,,,,
22204010,2024/05/06,04,0,0,0.005,0.005,,0.020,0.09,2.01,2.10,0.009,,,,,,
22204010,2024/05/06,05,0,0,0.005,0.005,,0.020,0.07,2.01,2.08,0.008,,,,,,
22204010,2024/05/06,06,0,0,0.005,0.005,,0.021,0.07,2.01,2.08,0.010,,,,,,
22204010,2024/05/06,07,0.001,0.001,0.004,0.005,,0.026,0.06,1.99,2.05,0.009,,,,,,
22204010,2024/05/06,08,0.001,0.001,0.004,0.005,,0.033,0.07,1.98,2.05,0.010,,,,,,
22204010,2024/05/06,09,0,0,0.002,0.002,,0.045,0.05,1.97,2.02,0.009,,,,,,
22204010,2024/05/06,10,0,0,0.002,0.002,,0.045,0.05,1.97,2.02,0.011,,,,,,
22204010,2024/05/06,11,0,0,0.002,0.002,,0.047,0.05,1.97,2.02,0.011,,,,,,
22204010,2024/05/06,12,0,0,0.002,0.002,,0.047,0.04,1.97,2.01,0.014,,,,,,
22204010,2024/05/06,13,0,0,0.001,0.001,,0.047,0.04,1.96,2.00,0.014,,,,,,
22204010,2024/05/06,14,0,0,0.002,0.002,,0.048,0.04,1.96,2.00,0.014,,,,,,
22204010,2024/05/06,15,0,0,0.002,0.002,,0.048,0.04,1.96,2.00,0.015,,,,,,
22204010,2024/05/06,16,0,0,0.002,0.002,,0.047,0.02,1.96,1.98,0.016,,,,,,
22204010,2024/05/06,17,0,0,0.002,0.002,,0.046,0.02,1.96,1.98,0.014,,,,,,
22204010,2024/05/06,18,0,0,0.002,0.002,,0.046,0.03,1.96,1.99,0.017,,,,,,
22204010,2024/05/06,19,0,0,0.002,0.002,,0.044,0.04,1.96,2.00,0.016,,,,,,
22204010,2024/05/06,20,0.001,0,0.003,0.003,,0.041,0.04,1.97,2.01,0.017,,,,,,
22204010,2024/05/06,21,0.001,0,0.003,0.003,,0.040,0.06,1.97,2.03,0.017,,,,,,
22204010,2024/05/06,22,0.001,0,0.003,0.003,,0.040,0.06,1.97,2.03,0.019,,,,,,
22204010,2024/05/06,23,0,0,0.004,0.004,,0.039,0.05,1.97,2.02,0.018,,,,,,
22204010,2024/05/06,24,0,0,0.003,0.003,,0.039,0.05,1.98,2.03,0.015,,,,,,
22204010,2024/05/07,01,0.001,0,0.003,0.003,,-,0.06,1.98,2.04,0.016,,,,,,
22204010,2024/05/07,02,0,0,0.003,0.003,,0.035,0.07,1.97,2.04,0.018,,,,,,
22204010,2024/05/07,03,0,0,0.003,0.003,,0.029,0.09,1.99,2.08,0.016,,,,,,
22204010,2024/05/07,04,0,0,0.003,0.003,,0.028,0.09,1.99,2.08,0.018,,,,,,
22204010,2024/05/07,05,0.001,0,0.004,0.004,,0.024,0.09,2.00,2.09,0.020,,,,,,
22204010,2024/05/07,06,0,0.001,0.005,0.006,,0.023,0.08,2.00,2.08,0.019,,,,,,
22204010,2024/05/07,07,0,0.001,0.012,0.013,,0.019,0.20,1.99,2.19,0.015,,,,,,
22204010,2024/05/07,08,0.001,0.001,0.013,0.014,,0.022,0.49,2.00,2.49,0.020,,,,,,
22204010,2024/05/07,09,0,0.001,0.010,0.011,,0.033,0.13,1.98,2.11,0.013,,,,,,
22204010,2024/05/07,10,0,0.001,0.004,0.005,,0.041,0.09,1.96,2.05,0.010,,,,,,
22204010,2024/05/07,11,0,0.001,0.008,0.009,,0.037,0.11,1.96,2.07,0.012,,,,,,
22204010,2024/05/07,12,0,0.001,0.007,0.008,,0.038,0.10,1.97,2.07,0.007,,,,,,
22204010,2024/05/07,13,0,0.001,0.003,0.004,,0.041,0.08,1.95,2.03,0.006,,,,,,
22204010,2024/05/07,14,0,0,0.002,0.002,,0.043,0.05,1.96,2.01,0.007,,,,,,
22204010,2024/05/07,15,0,0,0.001,0.001,,0.042,0.04,1.96,2.00,0.012,,,,,,
22204010,2024/05/07,16,0,0,0.002,0.002,,0.041,0.04,1.96,2.00,0.012,,,,,,
22204010,2024/05/07,17,0,0,0.003,0.003,,0.040,0.04,1.96,2.00,0.009,,,,,,
22204010,2024/05/07,18,0,0.001,0.004,0.005,,0.039,0.05,1.97,2.02,0.010,,,,,,
22204010,2024/05/07,19,0,0,0.005,0.005,,0.037,0.06,1.99,2.05,0.011,,,,,,
22204010,2024/05/07,20,0,0,0.006,0.006,,0.037,0.07,2.01,2.08,0.014,,,,,,
22204010,2024/05/07,21,0,0,0.006,0.006,,0.034,0.06,2.02,2.08,0.017,,,,,,
22204010,2024/05/07,22,0,0.001,0.006,0.007,,0.031,0.07,2.03,2.10,0.016,,,,,,
22204010,2024/05/07,23,0,0,0.014,0.014,,0.021,0.15,2.07,2.22,0.019,,,,,,
22204010,2024/05/07,24,0.001,0.001,0.014,0.015,,0.017,0.15,2.07,2.22,0.018,,,,,,
22204010,2024/05/08,01,-,-,-,-,,-,0.18,2.11,2.29,0.019,,,,,,
22204010,2024/05/08,02,0.001,0.001,0.010,0.011,,0.011,0.14,2.09,2.23,0.017,,,,,,
22204010,2024/05/08,03,0,0,0.009,0.009,,0.010,0.12,2.08,2.20,0.013,,,,,,
22204010,2024/05/08,04,0,0,0.005,0.005,,0.016,0.07,2.03,2.10,0.016,,,,,,
22204010,2024/05/08,05,0,0.001,0.005,0.006,,0.016,0.06,2.03,2.09,0.014,,,,,,
22204010,2024/05/08,06,0,0.001,0.006,0.007,,0.014,0.06,2.04,2.10,0.015,,,,,,
22204010,2024/05/08,07,0,0.005,0.010,0.015,,0.011,0.11,2.05,2.16,0.016,,,,,,
22204010,2024/05/08,08,0.002,0.017,0.017,0.034,,0.008,0.12,2.03,2.15,0.022,,,,,,
22204010,2024/05/08,09,0.001,0.005,0.009,0.014,,0.024,0.11,2.03,2.14,0.017,,,,,,
22204010,2024/05/08,10,0.001,-,-,-,,-,0.10,2.03,2.13,0.018,,,,,,
22204010,2024/05/08,11,0.001,0.006,0.014,0.020,,0.033,-,-,-,0.015,,,,,,
22204010,2024/05/08,12,0.001,0.003,0.012,0.015,,0.044,0.16,2.01,2.17,0.017,,,,,,
22204010,2024/05/08,13,0.001,0.005,0.015,0.020,,0.049,0.15,2.01,2.16,0.016,,,,,,
22204010,2024/05/08,14,0.001,0.004,0.017,0.021,,0.047,0.14,2.00,2.14,0.011,,,,,,
22204010,2024/05/08,15,0.001,0.002,0.011,0.013,,0.051,0.13,2.01,2.14,0.010,,,,,,
22204010,2024/05/08,16,0,0,0.003,0.003,,0.048,0.09,2.01,2.10,0.003,,,,,,
22204010,2024/05/08,17,0,0,0.003,0.003,,0.046,0.06,2.00,2.06,0.003,,,,,,
22204010,2024/05/08,18,0,0.001,0.005,0.006,,0.043,0.05,1.99,2.04,0.005,,,,,,
22204010,2024/05/08,19,0.001,0.001,0.011,0.012,,0.040,0.22,2.01,2.23,0.014,,,,,,
22204010,2024/05/08,20,0.001,0,0.007,0.007,,0.040,0.13,2.01,2.14,0.009,,,,,,
22204010,2024/05/08,21,0,0.001,0.008,0.009,,0.034,0.11,2.01,2.12,0.008,,,,,,
22204010,2024/05/08,22,0,0,0.005,0.005,,0.037,0.12,2.04,2.16,0.010,,,,,,
22204010,2024/05/08,23,0,0,0.004,0.004,,0.035,0.17,2.01,2.18,0.010,,,,,,
22204010,2024/05/08,24,0,0,0.004,0.004,,0.032,0.14,1.99,2.13,0.008,,,,,,
22204010,2024/05/09,01,0,0,0.004,0.004,,-,0.16,1.99,2.15,0.005,,,,,,
22204010,2024/05/09,02,0,0,0.004,0.004,,0.031,0.13,1.99,2.12,0.004,,,,,,
22204010,2024/05/09,03,0,0.001,0.006,0.007,,0.029,0.06,1.98,2.04,0.006,,,,,,
22204010,2024/05/09,04,0,0.002,0.007,0.009,,0.028,0.06,1.99,2.05,0.006,,,,,,
22204010,2024/05/09,05,0,0.002,0.007,0.009,,0.030,0.04,1.98,2.02,0.006,,,,,,
22204010,2024/05/09,06,0,0.002,0.008,0.010,,0.029,0.04,1.98,2.02,0.005,,,,,,
22204010,2024/05/09,07,0,0.002,0.006,0.008,,0.030,0.06,1.98,2.04,0.004,,,,,,
22204010,2024/05/09,08,0,0.003,0.008,0.011,,0.026,0.04,1.98,2.02,0.002,,,,,,
22204010,2024/05/09,09,0.001,0.006,0.011,0.017,,0.023,0.03,1.98,2.01,0.002,,,,,,
22204010,2024/05/09,10,0,0.003,0.007,0.010,,0.027,0.08,1.98,2.06,0.004,,,,,,
22204010,2024/05/09,11,0,0.003,0.006,0.009,,0.030,0.12,1.98,2.10,0.005,,,,,,
22204010,2024/05/09,12,0.001,0.002,0.005,0.007,,0.035,0.22,1.99,2.21,0.004,,,,,,
22204010,2024/05/09,13,0.001,0.001,0.004,0.005,,0.039,0.21,1.98,2.19,0.001,,,,,,
22204010,2024/05/09,14,0.001,0.001,0.006,0.007,,0.039,0.17,1.98,2.15,0.001,,,,,,
22204010,2024/05/09,15,0.001,0.001,0.007,0.008,,0.039,0.12,2.02,2.14,0.006,,,,,,
22204010,2024/05/09,16,0,0.001,0.005,0.006,,0.043,0.08,1.99,2.07,0.005,,,,,,
22204010,2024/05/09,17,0,0,0.004,0.004,,0.044,0.07,1.98,2.05,0.007,,,,,,
22204010,2024/05/09,18,0,0,0.003,0.003,,0.047,0.07,1.99,2.06,0.006,,,,,,
22204010,2024/05/09,19,0,0,0.005,0.005,,0.045,0.07,1.99,2.06,0.007,,,,,,
22204010,2024/05/09,20,0,0,0.008,0.008,,0.025,0.05,1.99,2.04,0.007,,,,,,
22204010,2024/05/09,21,0,0,0.007,0.007,,0.021,0.04,1.99,2.03,0.007,,,,,,
22204010,2024/05/09,22,0,0,0.006,0.006,,0.020,0.04,1.99,2.03,0.007,,,,,,
22204010,2024/05/09,23,0,0,0.006,0.006,,0.018,0.03,1.99,2.02,0.005,,,,,,
22204010,2024/05/09,24,0.001,0,0.009,0.009,,0.016,0.03,2.00,2.03,0.007,,,,,,
22204010,2024/05/10,01,0,0,0.005,0.005,,-,0.03,1.99,2.02,0.004,,,,,,
22204010,2024/05/10,02,0.001,0,0.005,0.005,,0.027,-,-,-,0.006,,,,,,
22204010,2024/05/10,03,0,0,0.005,0.005,,0.028,0,1.99,1.99,0.006,,,,,,
22204010,2024/05/10,04,0,0,0.009,0.009,,0.019,0.01,2.00,2.01,0.008,,,,,,
22204010,2024/05/10,05,0,0,0.009,0.009,,0.020,0.03,2.00,2.03,0.006,,,,,,
22204010,2024/05/10,06,0,0.001,0.009,0.010,,0.019,0.02,2.00,2.02,0.004,,,,,,
22204010,2024/05/10,07,0.001,0.002,0.007,0.009,,0.025,0.01,1.99,2.00,0.006,,,,,,
22204010,2024/05/10,08,0.001,0.005,0.013,0.018,,0.025,0.05,2.00,2.05,0.007,,,,,,
22204010,2024/05/10,09,0.001,0.003,0.010,0.013,,0.034,0.05,1.99,2.04,0.007,,,,,,
22204010,2024/05/10,10,0.001,0.002,0.008,0.010,,0.040,0.07,1.99,2.06,0.008,,,,,,
22204010,2024/05/10,11,0.001,0.004,0.012,0.016,,0.038,0.10,2.00,2.10,0.007,,,,,,
22204010,2024/05/10,12,0.001,0.001,0.006,0.007,,0.048,0.05,2.00,2.05,0.005,,,,,,
22204010,2024/05/10,13,0.001,0.001,0.004,0.005,,0.052,0.03,1.99,2.02,0.008,,,,,,
22204010,2024/05/10,14,0.001,0.001,0.004,0.005,,0.055,0.04,1.99,2.03,0.012,,,,,,
22204010,2024/05/10,15,0,0.001,0.005,0.006,,0.057,0.05,1.99,2.04,0.011,,,,,,
22204010,2024/05/10,16,0.001,0.001,0.004,0.005,,0.057,0.04,1.99,2.03,0.011,,,,,,
22204010,2024/05/10,17,0,0.001,0.004,0.005,,0.059,0.03,1.99,2.02,0.010,,,,,,
22204010,2024/05/10,18,0.001,0,0.003,0.003,,0.059,0.03,1.99,2.02,0.010,,,,,,
22204010,2024/05/10,19,0,0,0.004,0.004,,0.052,0.03,1.99,2.02,0.011,,,,,,
22204010,2024/05/10,20,0,0,0.006,0.006,,0.048,0.05,2.00,2.05,0.009,,,,,,
22204010,2024/05/10,21,0,0,0.009,0.009,,0.038,0.09,2.01,2.10,0.012,,,,,,
22204010,2024/05/10,22,0,0,0.011,0.011,,0.029,0.08,2.02,2.10,0.010,,,,,,
22204010,2024/05/10,23,0,0,0.009,0.009,,0.026,0.08,2.02,2.10,0.011,,,,,,
22204010,2024/05/10,24,0,0,0.009,0.009,,0.024,0.06,2.02,2.08,0.011,,,,,,
22204010,2024/05/11,01,0,0,0.009,0.009,,-,0.06,2.01,2.07,0.009,,,,,,
22204010,2024/05/11,02,0,0,0.010,0.010,,0.022,0.06,2.02,2.08,0.011,,,,,,
22204010,2024/05/11,03,0,0,0.009,0.009,,0.023,0.07,2.02,2.09,0.009,,,,,,
22204010,2024/05/11,04,0,0,0.010,0.010,,0.017,0.11,2.03,2.14,0.012,,,,,,
22204010,2024/05/11,05,0,0,0.010,0.010,,0.016,0.12,2.03,2.15,0.010,,,,,,
22204010,2024/05/11,06,0,0.001,0.009,0.010,,0.017,0.14,2.03,2.17,0.008,,,,,,
22204010,2024/05/11,07,0,0.002,0.008,0.010,,0.020,0.13,2.03,2.16,0.010,,,,,,
22204010,2024/05/11,08,0.001,0.005,0.014,0.019,,0.024,0.11,2.02,2.13,0.012,,,,,,
22204010,2024/05/11,09,0.002,0.004,0.013,0.017,,0.033,0.13,2.02,2.15,0.011,,,,,,
22204010,2024/05/11,10,0.001,0.002,0.009,0.011,,0.042,0.09,2.01,2.10,0.009,,,,,,
22204010,2024/05/11,11,0.001,0.001,0.006,0.007,,0.056,0.04,1.99,2.03,0.010,,,,,,
22204010,2024/05/11,12,0,0.001,0.003,0.004,,0.060,0.05,1.98,2.03,0.011,,,,,,
22204010,2024/05/11,13,0,0,0.002,0.002,,0.057,0.03,1.98,2.01,0.010,,,,,,
22204010,2024/05/11,14,0,0,0.002,0.002,,0.057,0.02,1.97,1.99,0.010,,,,,,
22204010,2024/05/11,15,0,0,0.002,0.002,,0.057,0.01,1.97,1.98,0.009,,,,,,
22204010,2024/05/11,16,0,0,0.002,0.002,,0.057,0.01,1.97,1.98,0.011,,,,,,
22204010,2024/05/11,17,0,0,0.003,0.003,,0.057,0.01,1.97,1.98,0.009,,,,,,
22204010,2024/05/11,18,0,0,0.003,0.003,,0.056,0.02,1.97,1.99,0.010,,,,,,
22204010,2024/05/11,19,0,0,0.003,0.003,,0.053,0.02,1.97,1.99,0.010,,,,,,
22204010,2024/05/11,20,0,0,0.003,0.003,,0.050,0.02,1.98,2.00,0.010,,,,,,
22204010,2024/05/11,21,0,0,0.003,0.003,,0.048,0.03,1.98,2.01,0.008,,,,,,
22204010,2024/05/11,22,0,0,0.004,0.004,,0.045,0.05,1.99,2.04,0.008,,,,,,
22204010,2024/05/11,23,0.001,0,0.005,0.005,,0.041,0.06,2.00,2.06,0.007,,,,,,
22204010,2024/05/11,24,0,0,0.005,0.005,,0.037,0.05,2.01,2.06,0.008,,,,,,
22204010,2024/05/12,01,0,0,0.004,0.004,,-,0.05,2.00,2.05,0.007,,,,,,
22204010,2024/05/12,02,0,0,0.003,0.003,,0.031,0.04,1.99,2.03,0.009,,,,,,
22204010,2024/05/12,03,0,0,0.003,0.003,,0.032,0.04,2.00,2.04,0.010,,,,,,
22204010,2024/05/12,04,0,0,0.003,0.003,,0.032,0.03,2.00,2.03,0.008,,,,,,
22204010,2024/05/12,05,0,0,0.005,0.005,,0.026,0.04,2.00,2.04,0.008,,,,,,
22204010,2024/05/12,06,0,0,0.004,0.004,,0.028,0.04,2.00,2.04,0.009,,,,,,
22204010,2024/05/12,07,0.001,0.001,0.005,0.006,,0.028,0.04,2.01,2.05,0.006,,,,,,
22204010,2024/05/12,08,0,0.002,0.007,0.009,,0.028,0.04,1.99,2.03,0.010,,,,,,
22204010,2024/05/12,09,0.001,0.003,0.013,0.016,,0.028,0.06,2.00,2.06,0.010,,,,,,
22204010,2024/05/12,10,0.001,0.002,0.008,0.010,,0.039,0.06,1.98,2.04,0.007,,,,,,
22204010,2024/05/12,11,0.001,0.002,0.008,0.010,,0.040,0.06,1.98,2.04,0.011,,,,,,
22204010,2024/05/12,12,0.001,0.001,0.003,0.004,,0.048,0.04,1.98,2.02,0.006,,,,,,
22204010,2024/05/12,13,0.001,0,0.002,0.002,,0.049,0.02,1.97,1.99,0.008,,,,,,
22204010,2024/05/12,14,0,0,0.002,0.002,,0.049,0.02,1.97,1.99,0.006,,,,,,
22204010,2024/05/12,15,0,0,0.001,0.001,,0.049,0.01,1.97,1.98,0.009,,,,,,
22204010,2024/05/12,16,0,0,0.001,0.001,,0.050,0.01,1.96,1.97,0.008,,,,,,
22204010,2024/05/12,17,0,0,0.002,0.002,,0.049,0.01,1.96,1.97,0.013,,,,,,
22204010,2024/05/12,18,0,0,0.003,0.003,,0.047,0.02,1.96,1.98,0.010,,,,,,
22204010,2024/05/12,19,0,0,0.003,0.003,,0.045,0.02,1.97,1.99,0.007,,,,,,
22204010,2024/05/12,20,0,0,0.003,0.003,,0.043,0.02,1.97,1.99,0.010,,,,,,
22204010,2024/05/12,21,0,0,0.003,0.003,,0.041,0.03,1.98,2.01,0.008,,,,,,
22204010,2024/05/12,22,0,0,0.004,0.004,,0.039,0.03,1.99,2.02,0.008,,,,,,
22204010,2024/05/12,23,0,0,0.003,0.003,,0.037,0.03,1.99,2.02,0.010,,,,,,
22204010,2024/05/12,24,0,0.001,0.008,0.009,,0.025,0.06,2.01,2.07,0.008,,,,,,
22204010,2024/05/13,01,0.001,0.001,0.017,0.018,,-,0.08,1.99,2.07,0.012,,,,,,
22204010,2024/05/13,02,0,0,0.004,0.004,,0.033,0.05,1.98,2.03,0.005,,,,,,
22204010,2024/05/13,03,0,0.001,0.014,0.015,,0.022,0.05,1.97,2.02,0.008,,,,,,
22204010,2024/05/13,04,0.001,0,0.008,0.008,,0.027,0.05,1.97,2.02,0.004,,,,,,
22204010,2024/05/13,05,0,0,0.004,0.004,,0.029,0.05,1.98,2.03,0.004,,,,,,
22204010,2024/05/13,06,0,0,0.003,0.003,,0.028,0.04,1.98,2.02,0.004,,,,,,
22204010,2024/05/13,07,0,0,0.004,0.004,,0.028,0.04,1.98,2.02,0.001,,,,,,
22204010,2024/05/13,08,0,0.001,0.004,0.005,,0.029,0.04,1.97,2.01,0.001,,,,,,
22204010,2024/05/13,09,0,0.001,0.005,0.006,,0.031,0.04,1.97,2.01,0.006,,,,,,
22204010,2024/05/13,10,0,0.001,0.005,0.006,,0.032,0.04,1.96,2.00,0.005,,,,,,
22204010,2024/05/13,11,0,0.001,0.006,0.007,,0.032,0.06,1.96,2.02,0.005,,,,,,
22204010,2024/05/13,12,0,0.001,0.004,0.005,,0.033,0.06,1.96,2.02,0.004,,,,,,
22204010,2024/05/13,13,0,0.001,0.003,0.004,,0.036,0.04,1.97,2.01,0.009,,,,,,
22204010,2024/05/13,14,0,0.001,0.005,0.006,,0.033,0.05,1.98,2.03,0.006,,,,,,
22204010,2024/05/13,15,0,0.002,0.010,0.012,,0.025,0.07,2.00,2.07,0.006,,,,,,
22204010,2024/05/13,16,0.001,0.003,0.016,0.019,,0.021,0.11,2.01,2.12,0.006,,,,,,
22204010,2024/05/13,17,0.001,0.006,0.022,0.028,,0.020,0.46,2.02,2.48,0.012,,,,,,
22204010,2024/05/13,18,0.001,0.001,0.013,0.014,,0.030,0.14,1.99,2.13,0.012,,,,,,
22204010,2024/05/13,19,0,0.002,0.017,0.019,,0.026,0.27,2.06,2.33,0.011,,,,,,
22204010,2024/05/13,20,0.001,0.001,0.016,0.017,,0.025,0.12,1.99,2.11,0.007,,,,,,
22204010,2024/05/13,21,0.001,0,0.019,0.019,,0.019,0.14,2.01,2.15,0.010,,,,,,
22204010,2024/05/13,22,0.001,0.001,0.014,0.015,,0.019,0.14,2.02,2.16,0.007,,,,,,
22204010,2024/05/13,23,0,0.001,0.013,0.014,,0.022,0.17,2.00,2.17,0.009,,,,,,
22204010,2024/05/13,24,0.001,0,0.009,0.009,,0.033,0.10,1.99,2.09,0.007,,,,,,
22204010,2024/05/14,01,0,0,0.005,0.005,,-,0.06,1.98,2.04,0.008,,,,,,
22204010,2024/05/14,02,0.001,0.001,0.012,0.013,,0.029,0.06,1.99,2.05,0.004,,,,,,
22204010,2024/05/14,03,0.001,0,0.006,0.006,,0.039,0.07,1.99,2.06,0.002,,,,,,
22204010,2024/05/14,04,0.001,0,0.005,0.005,,0.042,0.06,1.99,2.05,0.005,,,,,,
22204010,2024/05/14,05,0.001,0.001,0.014,0.015,,0.030,0.04,1.99,2.03,0.004,,,,,,
22204010,2024/05/14,06,0.001,0.001,0.012,0.013,,0.030,0.02,2.00,2.02,0.007,,,,,,
22204010,2024/05/14,07,0.001,0.002,0.015,0.017,,0.027,0.03,2.00,2.03,0.009,,,,,,
22204010,2024/05/14,08,0.001,0.003,0.011,0.014,,0.031,0.05,2.01,2.06,0.009,,,,,,
22204010,2024/05/14,09,0.001,0.003,0.009,0.012,,0.035,0.07,2.00,2.07,0.010,,,,,,
22204010,2024/05/14,10,0.001,0.002,0.007,0.009,,0.041,0.06,2.00,2.06,0.009,,,,,,
22204010,2024/05/14,11,0.001,0.003,0.009,0.012,,0.044,0.07,2.00,2.07,0.008,,,,,,
22204010,2024/05/14,12,0.001,0.003,0.009,0.012,,0.047,0.09,2.00,2.09,0.009,,,,,,
22204010,2024/05/14,13,0.001,0.002,0.008,0.010,,0.052,0.18,2.00,2.18,0.008,,,,,,
22204010,2024/05/14,14,0.001,0.002,0.010,0.012,,0.055,0.09,2.01,2.10,0.011,,,,,,
22204010,2024/05/14,15,0.001,0.002,0.012,0.014,,0.056,0.12,2.01,2.13,0.010,,,,,,
22204010,2024/05/14,16,0.002,0.002,0.014,0.016,,0.058,0.06,2.01,2.07,0.008,,,,,,
22204010,2024/05/14,17,0.002,0.001,0.014,0.015,,0.060,0.06,2.02,2.08,0.013,,,,,,
22204010,2024/05/14,18,0.002,0.001,0.021,0.022,,0.052,0.07,2.02,2.09,0.014,,,,,,
22204010,2024/05/14,19,0.001,0,0.011,0.011,,0.062,0.10,2.03,2.13,0.011,,,,,,
22204010,2024/05/14,20,0.002,0,0.012,0.012,,0.056,0.06,2.03,2.09,0.014,,,,,,
22204010,2024/05/14,21,0.001,0,0.009,0.009,,0.050,0.09,2.03,2.12,0.015,,,,,,
22204010,2024/05/14,22,0.002,0,0.010,0.010,,0.045,0.14,2.02,2.16,0.014,,,,,,
22204010,2024/05/14,23,0.001,0,0.008,0.008,,0.042,0.06,2.02,2.08,0.015,,,,,,
22204010,2024/05/14,24,0.001,0,0.008,0.008,,0.038,0.04,2.02,2.06,0.014,,,,,,
22204010,2024/05/15,01,-,-,-,-,,-,0.04,2.03,2.07,0.013,,,,,,
22204010,2024/05/15,02,0.001,0,0.009,0.009,,0.028,0.05,2.03,2.08,0.016,,,,,,
22204010,2024/05/15,03,0.001,0,0.010,0.010,,0.023,0.06,2.04,2.10,0.015,,,,,,
22204010,2024/05/15,04,0.001,0,0.010,0.010,,0.022,0.05,2.03,2.08,0.015,,,,,,
22204010,2024/05/15,05,0.001,0,0.010,0.010,,0.022,0.04,2.03,2.07,0.014,,,,,,
22204010,2024/05/15,06,0,0.001,0.010,0.011,,0.021,0.04,2.03,2.07,0.016,,,,,,
22204010,2024/05/15,07,0.002,0.005,0.017,0.022,,0.019,0.08,2.02,2.10,0.013,,,,,,
22204010,2024/05/15,08,0.002,0.006,0.018,0.024,,0.023,0.12,2.02,2.14,0.014,,,,,,
22204010,2024/05/15,09,0.001,0.003,0.013,0.016,,0.036,0.10,2.01,2.11,0.015,,,,,,
22204010,2024/05/15,10,0.001,0.003,0.013,0.016,,0.041,0.12,2.04,2.16,0.015,,,,,,
22204010,2024/05/15,11,0.001,0.003,0.011,0.014,,0.052,0.15,2.02,2.17,0.010,,,,,,
22204010,2024/05/15,12,0.001,0.002,0.009,0.011,,0.046,0.16,2.00,2.16,0.010,,,,,,
22204010,2024/05/15,13,0.001,0.001,0.005,0.006,,0.048,0.07,1.99,2.06,0.007,,,,,,
22204010,2024/05/15,14,0,0,0.003,0.003,,0.049,0.04,1.98,2.02,0.010,,,,,,
22204010,2024/05/15,15,0,0.001,0.003,0.004,,0.050,0.03,1.98,2.01,0.010,,,,,,
22204010,2024/05/15,16,0,0,0.003,0.003,,0.051,0.03,1.97,2.00,0.011,,,,,,
22204010,2024/05/15,17,0,0,0.003,0.003,,0.050,0.03,1.98,2.01,0.011,,,,,,
22204010,2024/05/15,18,0,0,0.005,0.005,,0.047,0.05,1.98,2.03,0.011,,,,,,
22204010,2024/05/15,19,0,0,0.007,0.007,,0.043,0.06,1.99,2.05,0.010,,,,,,
22204010,2024/05/15,20,0.001,0,0.010,0.010,,0.043,0.06,1.99,2.05,0.014,,,,,,
22204010,2024/05/15,21,0.001,0,0.010,0.010,,0.040,0.04,1.97,2.01,0.013,,,,,,
22204010,2024/05/15,22,0.001,0,0.009,0.009,,0.043,0.03,1.99,2.02,0.010,,,,,,
22204010,2024/05/15,23,0.001,0,0.010,0.010,,0.041,0.03,1.99,2.02,0.009,,,,,,
22204010,2024/05/15,24,0.001,0,0.004,0.004,,0.049,0.02,1.97,1.99,0.009,,,,,,
22204010,2024/05/16,01,0.001,0,0.005,0.005,,-,0.04,1.97,2.01,0.006,,,,,,
22204010,2024/05/16,02,0.001,0,0.006,0.006,,0.042,0.03,1.98,2.01,0.007,,,,,,
22204010,2024/05/16,03,0.001,0,0.007,0.007,,0.040,0.03,1.98,2.01,0.005,,,,,,
22204010,2024/05/16,04,0,0,0.005,0.005,,0.042,0.03,1.98,2.01,0.003,,,,,,
22204010,2024/05/16,05,0.001,0,0.006,0.006,,0.040,0.04,1.98,2.02,0.004,,,,,,
22204010,2024/05/16,06,0.001,0.001,0.012,0.013,,0.034,0.04,1.99,2.03,0.005,,,,,,
22204010,2024/05/16,07,0.002,0.002,0.015,0.017,,0.031,0.04,1.99,2.03,0.005,,,,,,
22204010,2024/05/16,08,0.002,0.003,0.018,0.021,,0.027,0.04,1.99,2.03,0.006,,,,,,
22204010,2024/05/16,09,0.002,0.003,0.017,0.020,,0.030,0.05,2.00,2.05,0.006,,,,,,
22204010,2024/05/16,10,0.002,0.005,0.021,0.026,,0.026,0.09,1.98,2.07,0.009,,,,,,
22204010,2024/05/16,11,0.001,0.004,0.020,0.024,,0.024,0.10,1.98,2.08,0.006,,,,,,
22204010,2024/05/16,12,0.001,0.003,0.013,0.016,,0.034,0.22,1.98,2.20,0.004,,,,,,
22204010,2024/05/16,13,0.001,0.001,0.003,0.004,,0.048,0.06,1.97,2.03,0.007,,,,,,
22204010,2024/05/16,14,0.001,0.001,0.003,0.004,,0.052,0.05,1.97,2.02,0.006,,,,,,
22204010,2024/05/16,15,0.001,0,0.002,0.002,,0.053,0.03,1.97,2.00,0.008,,,,,,
22204010,2024/05/16,16,0,0,0.002,0.002,,0.056,0.02,1.97,1.99,0.012,,,,,,
22204010,2024/05/16,17,0,0,0.002,0.002,,0.068,0.02,1.99,2.01,0.016,,,,,,
22204010,2024/05/16,18,0.001,0,0.003,0.003,,0.062,0.02,1.99,2.01,0.013,,,,,,
22204010,2024/05/16,19,0.001,0,0.004,0.004,,0.056,0.03,2.00,2.03,0.011,,,,,,
22204010,2024/05/16,20,0.001,0,0.004,0.004,,0.053,0.02,2.00,2.02,0.010,,,,,,
22204010,2024/05/16,21,0.001,0,0.004,0.004,,0.050,0.03,2.01,2.04,0.007,,,,,,
22204010,2024/05/16,22,0,0,0.004,0.004,,0.048,0.03,2.02,2.05,0.005,,,,,,
22204010,2024/05/16,23,0,0,0.003,0.003,,0.045,0.03,2.02,2.05,0.006,,,,,,
22204010,2024/05/16,24,0,0,0.003,0.003,,0.044,0.02,2.01,2.03,0.005,,,,,,
22204010,2024/05/17,01,0,0,0.003,0.003,,-,0.02,2.01,2.03,0.004,,,,,,
22204010,2024/05/17,02,0.001,0,0.003,0.003,,0.044,-,-,-,0.002,,,,,,
22204010,2024/05/17,03,0,0,0.003,0.003,,0.051,0.01,2.01,2.02,0.006,,,,,,
22204010,2024/05/17,04,0,0,0.002,0.002,,0.053,0.01,2.01,2.02,0.006,,,,,,
22204010,2024/05/17,05,0,0,0.002,0.002,,0.052,0.01,2.01,2.02,0.007,,,,,,
22204010,2024/05/17,06,0,0,0.002,0.002,,0.054,0.01,2.01,2.02,0.007,,,,,,
22204010,2024/05/17,07,0.001,0.001,0.007,0.008,,0.047,0.03,2.01,2.04,0.009,,,,,,
22204010,2024/05/17,08,0,0,0.004,0.004,,0.051,0.01,2.00,2.01,0.009,,,,,,
22204010,2024/05/17,09,0,0.001,0.004,0.005,,0.052,0.01,2.00,2.01,0.012,,,,,,
22204010,2024/05/17,10,0,0.001,0.003,0.004,,0.054,0.01,2.00,2.01,0.010,,,,,,
22204010,2024/05/17,11,0,0,0.003,0.003,,0.055,0.01,2.00,2.01,0.010,,,,,,
22204010,2024/05/17,12,0,0,0.003,0.003,,0.056,0.02,2.00,2.02,0.011,,,,,,
22204010,2024/05/17,13,0,0,0.003,0.003,,0.057,0.02,2.00,2.02,0.011,,,,,,
22204010,2024/05/17,14,0.001,0.001,0.004,0.005,,0.058,0.02,1.99,2.01,0.010,,,,,,
22204010,2024/05/17,15,0,0.001,0.006,0.007,,0.057,0.04,2.00,2.04,0.011,,,,,,
22204010,2024/05/17,16,0.001,0.001,0.007,0.008,,0.059,0.07,2.01,2.08,0.014,,,,,,
22204010,2024/05/17,17,0.001,0.001,0.009,0.010,,0.070,0.08,2.00,2.08,0.017,,,,,,
22204010,2024/05/17,18,0.002,0.001,0.018,0.019,,0.067,0.07,2.00,2.07,0.021,,,,,,
22204010,2024/05/17,19,0.003,0.001,0.031,0.032,,0.050,0.06,2.01,2.07,0.023,,,,,,
22204010,2024/05/17,20,0.002,0,0.014,0.014,,0.066,0.04,2.01,2.05,0.018,,,,,,
22204010,2024/05/17,21,0.002,0,0.023,0.023,,0.054,0.04,2.01,2.05,0.024,,,,,,
22204010,2024/05/17,22,0.003,0,0.031,0.031,,0.040,0.09,2.03,2.12,0.022,,,,,,
22204010,2024/05/17,23,0.001,0,0.012,0.012,,0.043,0.14,2.02,2.16,0.019,,,,,,
22204010,2024/05/17,24,0,0,0.008,0.008,,0.039,0.05,2.03,2.08,0.015,,,,,,
22204010,2024/05/18,01,0.001,0,0.010,0.010,,-,0.06,2.02,2.08,0.019,,,,,,
22204010,2024/05/18,02,0,0,0.010,0.010,,0.032,0.07,2.04,2.11,0.019,,,,,,
22204010,2024/05/18,03,0,0,0.009,0.009,,0.030,0.05,2.02,2.07,0.016,,,,,,
22204010,2024/05/18,04,0,0,0.009,0.009,,0.028,0.06,2.05,2.11,0.018,,,,,,
22204010,2024/05/18,05,0,0.001,0.010,0.011,,0.023,0.07,2.04,2.11,0.020,,,,,,
22204010,2024/05/18,06,0,0.002,0.013,0.015,,0.019,0.09,2.05,2.14,0.017,,,,,,
22204010,2024/05/18,07,0.001,0.004,0.014,0.018,,0.022,0.09,2.05,2.14,0.019,,,,,,
22204010,2024/05/18,08,0.001,0.005,0.016,0.021,,0.028,0.09,2.04,2.13,0.017,,,,,,
22204010,2024/05/18,09,0.002,0.008,0.022,0.030,,0.026,0.10,2.02,2.12,0.017,,,,,,
22204010,2024/05/18,10,0.001,0.005,0.017,0.022,,0.038,0.09,2.02,2.11,0.020,,,,,,
22204010,2024/05/18,11,0.003,0.005,0.020,0.025,,0.042,0.07,2.03,2.10,0.020,,,,,,
22204010,2024/05/18,12,0.003,0.004,0.018,0.022,,0.048,0.07,2.03,2.10,0.019,,,,,,
22204010,2024/05/18,13,0.003,0.002,0.013,0.015,,0.056,0.06,2.02,2.08,0.017,,,,,,
22204010,2024/05/18,14,0.001,0.001,0.005,0.006,,0.069,0.05,2.01,2.06,0.015,,,,,,
22204010,2024/05/18,15,0.001,0,0.004,0.004,,0.074,0.04,2.01,2.05,0.015,,,,,,
22204010,2024/05/18,16,0.001,0,0.004,0.004,,0.076,0.03,2.00,2.03,0.014,,,,,,
22204010,2024/05/18,17,0.001,0,0.003,0.003,,0.078,0.03,2.01,2.04,0.015,,,,,,
22204010,2024/05/18,18,0.001,0,0.004,0.004,,0.077,0.02,2.02,2.04,0.016,,,,,,
22204010,2024/05/18,19,0.001,0,0.005,0.005,,0.077,0.02,2.02,2.04,0.018,,,,,,
22204010,2024/05/18,20,0.001,0,0.006,0.006,,0.082,0.04,2.02,2.06,0.017,,,,,,
22204010,2024/05/18,21,0.004,0,0.032,0.032,,0.044,0.06,2.02,2.08,0.020,,,,,,
22204010,2024/05/18,22,0.002,0,0.016,0.016,,0.048,0.15,2.02,2.17,0.020,,,,,,
22204010,2024/05/18,23,0.004,0.001,0.033,0.034,,0.032,0.09,2.03,2.12,0.020,,,,,,
22204010,2024/05/18,24,0,0,0.009,0.009,,0.042,0.07,2.02,2.09,0.018,,,,,,
22204010,2024/05/19,01,0.001,0,0.008,0.008,,-,0.06,2.02,2.08,0.019,,,,,,
22204010,2024/05/19,02,0,0,0.007,0.007,,0.039,0.07,2.03,2.10,0.018,,,,,,
22204010,2024/05/19,03,0.001,0,0.008,0.008,,0.038,0.07,2.03,2.10,0.019,,,,,,
22204010,2024/05/19,04,0.003,0,0.023,0.023,,0.025,0.08,2.03,2.11,0.023,,,,,,
22204010,2024/05/19,05,0.002,0.001,0.023,0.024,,0.022,0.08,2.04,2.12,0.022,,,,,,
22204010,2024/05/19,06,0.002,0.001,0.016,0.017,,0.028,0.10,2.03,2.13,0.019,,,,,,
22204010,2024/05/19,07,0.002,0.001,0.014,0.015,,0.031,0.07,2.05,2.12,0.021,,,,,,
22204010,2024/05/19,08,0.001,0.001,0.011,0.012,,0.038,0.07,2.04,2.11,0.022,,,,,,
22204010,2024/05/19,09,0.001,0.001,0.007,0.008,,0.043,0.06,2.03,2.09,0.021,,,,,,
22204010,2024/05/19,10,0.001,0.001,0.006,0.007,,0.047,0.05,2.03,2.08,0.021,,,,,,
22204010,2024/05/19,11,0.001,0.001,0.010,0.011,,0.048,0.07,2.01,2.08,0.023,,,,,,
22204010,2024/05/19,12,0.001,0.001,0.014,0.015,,0.047,0.10,2.02,2.12,0.021,,,,,,
22204010,2024/05/19,13,0.002,0.002,0.017,0.019,,0.042,0.11,2.06,2.17,0.021,,,,,,
22204010,2024/05/19,14,0.001,0.001,0.009,0.010,,0.059,0.08,2.05,2.13,0.024,,,,,,
22204010,2024/05/19,15,0.001,0.001,0.007,0.008,,0.060,0.07,2.02,2.09,0.022,,,,,,
22204010,2024/05/19,16,0.001,0.001,0.007,0.008,,0.058,0.08,2.03,2.11,0.024,,,,,,
22204010,2024/05/19,17,0.001,0.001,0.010,0.011,,0.058,0.06,2.03,2.09,0.024,,,,,,
22204010,2024/05/19,18,0.001,0,0.011,0.011,,0.054,0.07,2.04,2.11,0.025,,,,,,
22204010,2024/05/19,19,0.001,0,0.009,0.009,,0.055,0.07,2.05,2.12,0.022,,,,,,
22204010,2024/05/19,20,0.001,0,0.010,0.010,,0.055,0.06,2.04,2.10,0.017,,,,,,
22204010,2024/05/19,21,0.001,0,0.008,0.008,,0.053,0.05,2.02,2.07,0.012,,,,,,
22204010,2024/05/19,22,0.001,0,0.005,0.005,,0.049,0.05,2.00,2.05,0.011,,,,,,
22204010,2024/05/19,23,0.001,0,0.006,0.006,,0.051,0.04,2.00,2.04,0.010,,,,,,
22204010,2024/05/19,24,0,0,0.003,0.003,,0.051,0.01,1.99,2.00,0.009,,,,,,
22204010,2024/05/20,01,0,0,0.002,0.002,,-,0.02,1.98,2.00,0.004,,,,,,
22204010,2024/05/20,02,0,0,0.002,0.002,,0.051,-0.01,1.97,1.96,0.003,,,,,,
22204010,2024/05/20,03,0,0,0.003,0.003,,0.048,-0.01,1.97,1.96,0.002,,,,,,
22204010,2024/05/20,04,0.001,0,0.009,0.009,,0.041,0.01,1.98,1.99,0.005,,,,,,
22204010,2024/05/20,05,0,0,0.005,0.005,,0.040,0.01,1.98,1.99,0.003,,,,,,
22204010,2024/05/20,06,0.001,0.001,0.013,0.014,,0.033,0.03,1.98,2.01,0.007,,,,,,
22204010,2024/05/20,07,0,0.001,0.009,0.010,,0.039,0.03,1.98,2.01,0.006,,,,,,
22204010,2024/05/20,08,0.001,0.002,0.016,0.018,,0.029,0.03,1.99,2.02,0.005,,,,,,
22204010,2024/05/20,09,0.002,0.007,0.020,0.027,,0.028,0.08,1.98,2.06,0.006,,,,,,
22204010,2024/05/20,10,0.001,0.006,0.013,0.019,,0.035,0.09,1.98,2.07,0.005,,,,,,
22204010,2024/05/20,11,-,-,-,-,,-,-,-,-,-,,,,,,
22204010,2024/05/20,12,0.001,0.002,0.008,0.010,,0.046,0.15,1.97,2.12,0.004,,,,,,
22204010,2024/05/20,13,0.001,0.002,0.008,0.010,,0.049,0.16,1.96,2.12,0.005,,,,,,
22204010,2024/05/20,14,0.001,0.001,0.008,0.009,,0.051,0.20,1.96,2.16,0.005,,,,,,
22204010,2024/05/20,15,0,0.001,0.007,0.008,,0.046,0.12,1.96,2.08,0.006,,,,,,
22204010,2024/05/20,16,0,0.001,0.005,0.006,,0.048,0.07,1.96,2.03,0.006,,,,,,
22204010,2024/05/20,17,0,0,0.003,0.003,,0.053,0.04,1.96,2.00,0.007,,,,,,
22204010,2024/05/20,18,0,0,0.004,0.004,,0.059,0.04,1.96,2.00,0.011,,,,,,
22204010,2024/05/20,19,0,0,0.004,0.004,,0.061,0.05,1.96,2.01,0.012,,,,,,
22204010,2024/05/20,20,0,0,0.004,0.004,,0.058,0.06,1.97,2.03,0.009,,,,,,
22204010,2024/05/20,21,0,0,0.006,0.006,,0.055,0.05,1.97,2.02,0.011,,,,,,
22204010,2024/05/20,22,0.001,0,0.008,0.008,,0.053,0.05,1.97,2.02,0.013,,,,,,
22204010,2024/05/20,23,0.001,0,0.008,0.008,,0.048,0.06,1.98,2.04,0.012,,,,,,
22204010,2024/05/20,24,0.001,0,0.006,0.006,,0.049,0.07,1.98,2.05,0.010,,,,,,
22204010,2024/05/21,01,0.001,0,0.007,0.007,,-,0.05,1.98,2.03,0.011,,,,,,
22204010,2024/05/21,02,0.001,0,0.012,0.012,,0.031,0.05,1.97,2.02,0.012,,,,,,
22204010,2024/05/21,03,0,0,0.006,0.006,,0.030,0.08,1.97,2.05,0.014,,,,,,
22204010,2024/05/21,04,0,0,0.007,0.007,,0.015,0.06,1.98,2.04,0.013,,,,,,
22204010,2024/05/21,05,0.001,0.002,0.011,0.013,,0.007,0.06,1.97,2.03,0.013,,,,,,
22204010,2024/05/21,06,0.001,0.005,0.016,0.021,,0.009,0.08,1.99,2.07,0.012,,,,,,
22204010,2024/05/21,07,0.003,0.017,0.022,0.039,,0.009,0.22,1.99,2.21,0.016,,,,,,
22204010,2024/05/21,08,0.003,0.011,0.020,0.031,,0.014,0.12,1.99,2.11,0.016,,,,,,
22204010,2024/05/21,09,0.001,0.008,0.018,0.026,,0.022,0.15,1.98,2.13,0.016,,,,,,
22204010,2024/05/21,10,0.002,0.009,0.019,0.028,,0.023,0.15,1.98,2.13,0.017,,,,,,
22204010,2024/05/21,11,0.002,0.006,0.017,0.023,,0.028,0.11,1.99,2.10,0.015,,,,,,
22204010,2024/05/21,12,0.002,0.005,0.013,0.018,,0.032,0.11,1.97,2.08,0.019,,,,,,
22204010,2024/05/21,13,0.001,0.002,0.006,0.008,,0.042,0.11,1.97,2.08,0.014,,,,,,
22204010,2024/05/21,14,0.001,0.001,0.007,0.008,,0.050,0.09,1.97,2.06,0.012,,,,,,
22204010,2024/05/21,15,0.001,0.002,0.008,0.010,,0.051,0.09,1.96,2.05,0.015,,,,,,
22204010,2024/05/21,16,0.001,0.002,0.012,0.014,,0.052,0.11,1.97,2.08,0.016,,,,,,
22204010,2024/05/21,17,0.001,0.001,0.006,0.007,,0.059,0.08,1.96,2.04,0.012,,,,,,
22204010,2024/05/21,18,0.001,0,0.005,0.005,,0.062,0.05,1.96,2.01,0.013,,,,,,
22204010,2024/05/21,19,0.001,0,0.006,0.006,,0.068,0.06,1.98,2.04,0.019,,,,,,
22204010,2024/05/21,20,0.001,0,0.005,0.005,,0.067,0.05,1.98,2.03,0.019,,,,,,
22204010,2024/05/21,21,0.001,0,0.005,0.005,,0.065,0.04,1.98,2.02,0.018,,,,,,
22204010,2024/05/21,22,0.001,0,0.013,0.013,,0.048,0.06,1.98,2.04,0.019,,,,,,
22204010,2024/05/21,23,0.001,0,0.011,0.011,,0.049,0.07,1.99,2.06,0.020,,,,,,
22204010,2024/05/21,24,0.002,0,0.013,0.013,,0.048,0.05,1.97,2.02,0.014,,,,,,
22204010,2024/05/22,01,-,-,-,-,,-,0.03,1.96,1.99,0.016,,,,,,
22204010,2024/05/22,02,0.001,0,0.009,0.009,,0.050,0.02,1.97,1.99,0.016,,,,,,
22204010,2024/05/22,03,0.002,0,0.010,0.010,,0.048,0.01,1.98,1.99,0.019,,,,,,
22204010,2024/05/22,04,0.001,0.001,0.011,0.012,,0.046,0.02,1.98,2.00,0.019,,,,,,
22204010,2024/05/22,05,0.001,0.001,0.006,0.007,,0.045,0.02,1.99,2.01,0.011,,,,,,
22204010,2024/05/22,06,0.002,0.001,0.007,0.008,,0.042,0.05,2.00,2.05,0.010,,,,,,
22204010,2024/05/22,07,0.002,0.002,0.009,0.011,,0.037,0.05,2.00,2.05,0.010,,,,,,
22204010,2024/05/22,08,0.001,0.001,0.007,0.008,,0.038,0.06,2.00,2.06,0.010,,,,,,
22204010,2024/05/22,09,0.001,0.001,0.006,0.007,,0.040,0.06,2.00,2.06,0.012,,,,,,
22204010,2024/05/22,10,0.001,0.002,0.006,0.008,,0.044,0.06,1.99,2.05,0.012,,,,,,
22204010,2024/05/22,11,0.001,0.002,0.008,0.010,,0.045,0.11,1.99,2.10,0.010,,,,,,
22204010,2024/05/22,12,0.001,0.001,0.006,0.007,,0.049,0.11,1.98,2.09,0.011,,,,,,
22204010,2024/05/22,13,0.001,0.001,0.007,0.008,,0.049,0.18,1.98,2.16,0.014,,,,,,
22204010,2024/05/22,14,0.001,0.002,0.011,0.013,,0.048,0.16,1.98,2.14,0.014,,,,,,
22204010,2024/05/22,15,0.001,0.001,0.009,0.010,,0.051,0.10,1.98,2.08,0.011,,,,,,
22204010,2024/05/22,16,0.001,0.002,0.011,0.013,,0.051,0.16,1.98,2.14,0.012,,,,,,
22204010,2024/05/22,17,0.001,0,0.004,0.004,,0.051,0.09,1.98,2.07,0.012,,,,,,
22204010,2024/05/22,18,0,0,0.003,0.003,,0.050,0.03,1.98,2.01,0.013,,,,,,
22204010,2024/05/22,19,0,0,0.003,0.003,,0.048,0.03,1.99,2.02,0.014,,,,,,
22204010,2024/05/22,20,0,0,0.003,0.003,,0.048,0.03,1.99,2.02,0.013,,,,,,
22204010,2024/05/22,21,0.001,0,0.003,0.003,,0.046,0.02,2.01,2.03,0.013,,,,,,
22204010,2024/05/22,22,0,0,0.003,0.003,,0.045,0.02,1.98,2.00,0.016,,,,,,
22204010,2024/05/22,23,0.001,0,0.004,0.004,,0.043,0.03,1.98,2.01,0.014,,,,,,
22204010,2024/05/22,24,0,0,0.004,0.004,,0.042,0.03,1.99,2.02,0.012,,,,,,
22204010,2024/05/23,01,0.001,0,0.005,0.005,,-,0.04,1.99,2.03,0.013,,,,,,
22204010,2024/05/23,02,0,0,0.004,0.004,,0.028,0.04,1.99,2.03,0.012,,,,,,
22204010,2024/05/23,03,0,0.001,0.007,0.008,,0.023,0.06,2.00,2.06,0.015,,,,,,
22204010,2024/05/23,04,0.001,0,0.009,0.009,,0.022,0.04,2.01,2.05,0.014,,,,,,
22204010,2024/05/23,05,0,0,0.011,0.011,,0.017,0.03,2.02,2.05,0.014,,,,,,
22204010,2024/05/23,06,0,0.001,0.011,0.012,,0.018,0.04,2.00,2.04,0.014,,,,,,
22204010,2024/05/23,07,0.001,0.003,0.013,0.016,,0.015,0.07,2.00,2.07,0.014,,,,,,
22204010,2024/05/23,08,0.002,0.008,0.020,0.028,,0.013,0.10,2.02,2.12,0.016,,,,,,
22204010,2024/05/23,09,0.001,0.004,0.013,0.017,,0.021,0.12,2.04,2.16,0.019,,,,,,
22204010,2024/05/23,10,0.001,0.004,0.014,0.018,,0.023,0.13,2.02,2.15,0.017,,,,,,
22204010,2024/05/23,11,0.001,0.004,0.015,0.019,,0.028,0.16,2.01,2.17,0.019,,,,,,
22204010,2024/05/23,12,0.001,0.003,0.010,0.013,,0.036,0.15,2.01,2.16,0.017,,,,,,
22204010,2024/05/23,13,0.001,0.002,0.007,0.009,,0.042,0.08,2.02,2.10,0.014,,,,,,
22204010,2024/05/23,14,0.001,0.002,0.009,0.011,,0.042,0.07,2.01,2.08,0.017,,,,,,
22204010,2024/05/23,15,0.001,0.002,0.010,0.012,,0.040,0.07,1.99,2.06,0.013,,,,,,
22204010,2024/05/23,16,0.001,0.001,0.005,0.006,,0.045,0.06,1.98,2.04,0.012,,,,,,
22204010,2024/05/23,17,0.001,0.001,0.005,0.006,,0.043,0.03,1.97,2.00,0.016,,,,,,
22204010,2024/05/23,18,0.001,0,0.006,0.006,,0.043,0.04,1.97,2.01,0.014,,,,,,
22204010,2024/05/23,19,0,0,0.006,0.006,,0.038,0.03,1.98,2.01,0.014,,,,,,
22204010,2024/05/23,20,0.001,0,0.008,0.008,,0.037,0.05,1.99,2.04,0.017,,,,,,
22204010,2024/05/23,21,0.001,0.001,0.012,0.013,,0.032,0.05,2.00,2.05,0.019,,,,,,
22204010,2024/05/23,22,0.001,0.001,0.012,0.013,,0.030,0.05,2.05,2.10,0.015,,,,,,
22204010,2024/05/23,23,0.001,0.001,0.015,0.016,,0.031,0.04,2.00,2.04,0.013,,,,,,
22204010,2024/05/23,24,0.003,0.001,0.022,0.023,,0.016,0.05,1.98,2.03,0.016,,,,,,
22204010,2024/05/24,01,0.004,0.003,0.025,0.028,,-,0.06,1.99,2.05,0.018,,,,,,
22204010,2024/05/24,02,0.001,0.001,0.015,0.016,,0.009,-,-,-,0.016,,,,,,
22204010,2024/05/24,03,0.001,0.001,0.011,0.012,,0.009,0.05,2.00,2.05,0.015,,,,,,
22204010,2024/05/24,04,0.001,0.001,0.010,0.011,,0.006,0.04,2.00,2.04,0.015,,,,,,
22204010,2024/05/24,05,0.001,0.001,0.012,0.013,,0.005,0.04,2.02,2.06,0.014,,,,,,
22204010,2024/05/24,06,0.001,0.003,0.012,0.015,,0.008,0.07,2.03,2.10,0.018,,,,,,
22204010,2024/05/24,07,0.001,0.003,0.011,0.014,,0.020,0.11,2.00,2.11,0.017,,,,,,
22204010,2024/05/24,08,0.001,0.004,0.010,0.014,,0.019,0.10,2.01,2.11,0.020,,,,,,
22204010,2024/05/24,09,0.001,0.008,0.014,0.022,,0.017,0.12,2.01,2.13,0.018,,,,,,
22204010,2024/05/24,10,0.001,0.006,0.015,0.021,,0.021,0.09,2.04,2.13,0.019,,,,,,
22204010,2024/05/24,11,0.001,0.004,0.014,0.018,,0.028,0.08,2.04,2.12,0.019,,,,,,
22204010,2024/05/24,12,0.001,0.004,0.015,0.019,,0.032,0.09,2.03,2.12,0.020,,,,,,
22204010,2024/05/24,13,0.001,0.003,0.013,0.016,,0.039,0.13,2.03,2.16,0.021,,,,,,
22204010,2024/05/24,14,0.001,0.003,0.013,0.016,,0.041,0.12,2.00,2.12,0.021,,,,,,
22204010,2024/05/24,15,0.001,0.002,0.011,0.013,,0.043,0.09,1.99,2.08,0.022,,,,,,
22204010,2024/05/24,16,0.001,0.002,0.012,0.014,,0.045,0.09,2.00,2.09,0.020,,,,,,
22204010,2024/05/24,17,0.001,0.001,0.014,0.015,,0.049,0.09,2.02,2.11,0.023,,,,,,
22204010,2024/05/24,18,0.001,0.001,0.012,0.013,,0.059,0.10,2.06,2.16,0.023,,,,,,
22204010,2024/05/24,19,0.001,0.001,0.013,0.014,,0.055,0.06,2.00,2.06,0.024,,,,,,
22204010,2024/05/24,20,0.001,0,0.018,0.018,,0.041,0.07,2.01,2.08,0.022,,,,,,
22204010,2024/05/24,21,0.002,0.002,0.024,0.026,,0.032,0.07,2.01,2.08,0.022,,,,,,
22204010,2024/05/24,22,0.001,0.001,0.012,0.013,,0.037,0.09,1.98,2.07,0.021,,,,,,
22204010,2024/05/24,23,0.004,0.001,0.031,0.032,,0.015,0.08,2.00,2.08,0.021,,,,,,
22204010,2024/05/24,24,0.002,0.001,0.020,0.021,,0.016,0.10,2.02,2.12,0.027,,,,,,
22204010,2024/05/25,01,0.002,0.002,0.022,0.024,,-,0.09,2.02,2.11,0.022,,,,,,
22204010,2024/05/25,02,0.002,0.002,0.017,0.019,,0.011,0.09,2.02,2.11,0.025,,,,,,
22204010,2024/05/25,03,0.001,0.001,0.014,0.015,,0.013,0.09,2.04,2.13,0.023,,,,,,
22204010,2024/05/25,04,0.001,0.001,0.012,0.013,,0.013,0.07,2.02,2.09,0.025,,,,,,
22204010,2024/05/25,05,0.001,0.001,0.015,0.016,,0.010,0.08,2.04,2.12,0.022,,,,,,
22204010,2024/05/25,06,0.004,0.004,0.027,0.031,,0.022,0.06,2.02,2.08,0.018,,,,,,
22204010,2024/05/25,07,0.001,0.002,0.014,0.016,,0.040,0.05,2.01,2.06,0.014,,,,,,
22204010,2024/05/25,08,0.002,0.002,0.014,0.016,,0.041,0.04,2.01,2.05,0.009,,,,,,
22204010,2024/05/25,09,0.002,0.003,0.012,0.015,,0.045,0.02,2.01,2.03,0.009,,,,,,
22204010,2024/05/25,10,0.002,0.003,0.013,0.016,,0.046,0.04,2.00,2.04,0.008,,,,,,
22204010,2024/05/25,11,0.001,0.004,0.013,0.017,,0.048,0.02,2.00,2.02,0.009,,,,,,
22204010,2024/05/25,12,0.001,0.003,0.012,0.015,,0.049,0.06,1.99,2.05,0.008,,,,,,
22204010,2024/05/25,13,0.001,0.003,0.011,0.014,,0.054,0.03,1.99,2.02,0.010,,,,,,
22204010,2024/05/25,14,0.001,0.003,0.013,0.016,,0.055,0.04,2.00,2.04,0.010,,,,,,
22204010,2024/05/25,15,0.001,0,0.005,0.005,,0.064,0.03,2.01,2.04,0.015,,,,,,
22204010,2024/05/25,16,0.001,0,0.003,0.003,,0.061,0.01,2.00,2.01,0.016,,,,,,
22204010,2024/05/25,17,0.001,0,0.003,0.003,,0.059,0,1.99,1.99,0.013,,,,,,
22204010,2024/05/25,18,0.001,0,0.004,0.004,,0.056,0,2.00,2.00,0.012,,,,,,
22204010,2024/05/25,19,0.001,0,0.004,0.004,,0.055,0,2.00,2.00,0.015,,,,,,
22204010,2024/05/25,20,0.001,0.001,0.008,0.009,,0.049,0.02,1.98,2.00,0.014,,,,,,
22204010,2024/05/25,21,0.001,0.001,0.009,0.010,,0.047,0,1.97,1.97,0.011,,,,,,
22204010,2024/05/25,22,0.001,0,0.010,0.010,,0.045,-0.02,1.98,1.96,0.010,,,,,,
22204010,2024/05/25,23,0.001,0,0.011,0.011,,0.042,-0.03,1.97,1.94,0.012,,,,,,
22204010,2024/05/25,24,0.001,0,0.010,0.010,,0.041,-0.01,1.98,1.97,0.011,,,,,,
22204010,2024/05/26,01,0.001,0,0.008,0.008,,-,-0.01,1.97,1.96,0.011,,,,,,
22204010,2024/05/26,02,0.001,0,0.008,0.008,,0.045,-0.01,1.97,1.96,0.013,,,,,,
22204010,2024/05/26,03,0.001,0,0.006,0.006,,0.045,-0.02,1.98,1.96,0.009,,,,,,
22204010,2024/05/26,04,0.002,0,0.011,0.011,,0.039,-0.02,1.98,1.96,0.011,,,,,,
22204010,2024/05/26,05,0,0,0.005,0.005,,0.043,-0.02,1.98,1.96,0.010,,,,,,
22204010,2024/05/26,06,0.001,0,0.004,0.004,,0.040,0.06,1.98,2.04,0.008,,,,,,
22204010,2024/05/26,07,0.001,0.001,0.008,0.009,,0.037,0.19,1.98,2.17,0.010,,,,,,
22204010,2024/05/26,08,0.001,0.002,0.009,0.011,,0.036,0.02,1.98,2.00,0.014,,,,,,
22204010,2024/05/26,09,0.001,0.001,0.005,0.006,,0.044,-0.01,1.98,1.97,0.010,,,,,,
22204010,2024/05/26,10,0.001,0.001,0.005,0.006,,0.047,0,1.98,1.98,0.014,,,,,,
22204010,2024/05/26,11,0.001,0.002,0.007,0.009,,0.045,0,1.98,1.98,0.011,,,,,,
22204010,2024/05/26,12,0,0.001,0.003,0.004,,0.048,-0.01,1.99,1.98,0.012,,,,,,
22204010,2024/05/26,13,0,0.001,0.002,0.003,,0.048,-0.01,1.98,1.97,0.009,,,,,,
22204010,2024/05/26,14,0,0,0.002,0.002,,0.049,-0.01,1.99,1.98,0.007,,,,,,
22204010,2024/05/26,15,0,0,0.002,0.002,,0.050,-0.01,1.98,1.97,0.007,,,,,,
22204010,2024/05/26,16,0,0,0.002,0.002,,0.050,-0.01,1.98,1.97,0.010,,,,,,
22204010,2024/05/26,17,0,0,0.002,0.002,,0.049,-0.03,1.98,1.95,0.012,,,,,,
22204010,2024/05/26,18,0,0,0.002,0.002,,0.047,-0.02,1.97,1.95,0.009,,,,,,
22204010,2024/05/26,19,0,0,0.002,0.002,,0.047,-0.02,1.98,1.96,0.013,,,,,,
22204010,2024/05/26,20,0,0,0.002,0.002,,0.045,-0.01,1.99,1.98,0.014,,,,,,
22204010,2024/05/26,21,0,0,0.004,0.004,,0.041,-0.01,2.00,1.99,0.015,,,,,,
22204010,2024/05/26,22,0,0,0.005,0.005,,0.034,0.02,2.03,2.05,0.014,,,,,,
